Response
{
  "statusCode": 200,
  "headers": {
    "Content-Type": "text/plain",
    "Access-Control-Allow-Origin": "*"
  },
  "type-result": "<class 'str'>",
  "COntent-Type-In": "LambdaContext([aws_request_id=fdfa81c1-4ded-4f47-92b2-61106e7fe151,log_group_name=/aws/lambda/mylambda-func,log_stream_name=2022/11/28/[$LATEST]abe445861a1f433fb5f7e161238da3b2,function_name=mylambda-func,memory_limit_in_mb=128,function_version=$LATEST,invoked_function_arn=arn:aws:lambda:us-east-1:873635364805:function:mylambda-func,client_context=None,identity=CognitoIdentity([cognito_identity_id=None,cognito_identity_pool_id=None])])",
  "body": "[[-4.089410781860352, -3.5225424766540527, -1.0587106943130493, 0.04535195231437683, -1.9662095308303833, -2.6204001903533936, 0.21553316712379456, 0.7393931150436401, -1.785909652709961, -2.3419315814971924, -1.334086537361145, -2.3172388076782227, -1.615950584411621, 3.3079347610473633, -0.43323832750320435, -0.10848003625869751, -2.7867352962493896, -1.6370660066604614, -2.652336597442627, 2.0468099117279053, -2.709834575653076, -0.16141924262046814, -0.8707517981529236, -5.121585369110107, -2.2254998683929443, -2.2155439853668213, -0.8265009522438049, -0.3021015226840973, -2.6529388427734375, 0.21440362930297852, -2.4845211505889893, -1.7928431034088135, -2.595919370651245, -0.4807552397251129, -3.254202365875244, -2.236032485961914, -1.8848638534545898, -0.4650084972381592, -0.024476971477270126, -1.5198924541473389, -1.2479653358459473, 0.17555561661720276, 1.6651208400726318, -2.378929376602173, -0.4505360424518585, -4.705267906188965, 0.43018215894699097, 0.7468904852867126, -1.3120040893554688, -2.4252891540527344, -2.576841354370117, -2.5389695167541504, -2.1655359268188477, -0.17934224009513855, -1.3192496299743652, 0.05636906996369362, -0.7417750358581543, -2.555506706237793, -1.290542721748352, -2.7781550884246826, -2.3856394290924072, -4.874273300170898, -1.4103012084960938, -2.0223166942596436, -1.2315189838409424, -2.274998188018799, -1.2191377878189087, -1.9897782802581787, -0.5203357934951782, -0.5183976292610168, 1.9647990465164185, -3.1505749225616455, -1.3030740022659302, -1.7015668153762817, -0.935771644115448, -0.5097908973693848, -4.382597923278809, 0.6434568166732788, -2.4551079273223877, -1.1088838577270508, 0.5630818009376526, -2.6774322986602783, 0.8434040546417236, -0.13463574647903442, -4.0381975173950195, -0.9771904349327087, 0.94259113073349, -3.502917528152466, -1.879170536994934, -0.6463942527770996, -3.101017475128174, -3.6003503799438477, -0.5494911074638367, -1.9205071926116943, -1.928950309753418, -0.750859260559082, -1.7434015274047852, -2.326040029525757, -1.7589365243911743, -2.6887805461883545, -0.8592155575752258, 0.1780780404806137, -0.8413269519805908, -1.9013079404830933, -2.742875814437866, -4.6313371658325195, -1.8210968971252441, -1.0673182010650635, -0.45159634947776794, -1.8261375427246094, -0.10243859887123108, -0.2808675467967987, -3.5853331089019775, -1.4436599016189575, -3.972349166870117, -0.2779247760772705, -3.720407485961914, -0.472341388463974, -4.073510646820068, 0.5740343928337097, -0.6801992654800415, -0.49700871109962463, -1.663442611694336, -2.4801883697509766, -3.6769227981567383, -1.265909194946289, -1.4949617385864258, -1.3812869787216187, -2.2699873447418213, -2.3988044261932373, -1.3784856796264648, -0.6204453110694885, -1.6248177289962769]]"
}
